0,558
0,557
461,35
361,4
361,3
361,2
361,1
361,0
12,2
360,13
360,12
360,11
12,1
360,10
360,9
360,8
360,7
360,6
360,5
360,4
360,3
360,2
12,3
360,1
360,0
359,6
359,5
359,4
359,3
359,2
359,1
359,0
358,5
358,4
358,3
358,2
358,1
358,0
357,11
357,10
357,9
357,8
357,7
357,6
357,5
357,4
357,3
357,2
357,1
357,0
356,29
356,28
356,27
356,26
356,25
356,24
356,23
356,22
20,2
20,1
356,21
356,20
20,3
356,19
356,18
356,17
356,16
356,15
356,14
356,13
356,12
356,11
356,10
356,9
356,8
356,7
356,6
19,2
19,1
356,5
356,4
356,1
19,3
356,3
335,13
335,1
335,12
306,12
306,11
306,10
306,9
306,8
306,7
306,1
306,6
306,5
306,4
278,10
278,9
278,8
278,7
278,1
18,1
278,6
18,3
278,5
14,98
14,3
244,14
13,3
244,13
244,12
244,11
244,10
244,9
244,1
244,8
244,6
14,144
14,143
14,142
2,2
2,1
14,141
14,140
14,139
14,138
14,137
14,136
14,135
14,134
14,133
14,132
14,131
14,130
14,129
14,128
14,127
14,126
2,3
14,125
14,124
14,123
14,122
14,121
14,120
14,119
14,118
14,117
14,116
14,115
14,114
14,113
14,112
14,111
14,110
14,109
14,108
14,107
14,106
14,105
14,104
14,103
14,1
14,102
13,8
13,7
13,1
13,6
0,530
0,501
0,500
0,499
0,497
0,495
0,494
0,493
0,0
461,34
461,33
461,32
461,31
461,30
461,29
461,28
461,27
461,26
461,25
461,24
461,23
461,22
461,21
461,20
461,19
461,18
461,17
461,16
461,15
461,14
461,13
461,12
461,11
461,10
461,9
461,8
461,7
461,6
461,5
461,4
461,3
461,2
461,0
0,468
0,466
0,465
0,459
0,462
0,489
0,488
0,9
0,502
0,498
0,496
0,492
0,484
0,481
0,477
0,473
0,467
0,461
0,458
0,456
0,442
0,403
0,480
0,483
0,485
0,464
0,469
0,490
0,470
0,276
0,491
0,472
0,471
0,275
0,272
0,271
0,440
0,12
0,316
0,10
0,463
0,8
0,512
0,453
0,268
0,552
0,452
0,267
0,451
0,266
0,551
0,450
0,265
0,449
0,264
0,511
0,448
0,263
0,447
0,262
0,510
0,445
0,261
0,524
0,444
0,260
0,550
0,443
0,259
0,523
0,439
0,258
0,549
0,438
0,257
0,548
0,437
0,256
0,547
0,436
0,255
0,505
0,435
0,254
0,518
0,434
0,253
0,504
0,433
0,252
0,517
0,432
0,251
0,431
0,250
361,5
361,6
361,8
361,9
361,11
361,12
362,1
8,3
362,2
362,4
362,5
362,7
362,9
363,0
8,2
8,16
363,3
363,4
363,6
363,8
363,9
364,0
8,1
364,2
364,4
364,5
8,12
8,18
364,7
364,8
364,10
365,1
8,14
365,3
365,4
365,6
365,8
8,17
365,10
365,11
365,13
365,14
365,16
365,18
365,19
365,21
9,3
365,23
365,25
9,2
365,27
9,7
365,29
365,31
365,32
365,34
366,0
366,1
9,5
366,3
366,5
367,0
11,3
367,2
11,2
367,4
11,1
368,0
368,1
368,2
368,3
369,0
11,19
369,2
369,4
11,23
369,6
369,8
369,9
369,11
11,29
369,13
